50.538329 36.584643
50.538117 36.579340
50.538909 36.574319
50.547767 36.573512
50.552964 36.572969
50.555689 36.572676
50.558859 36.571972
50.561232 36.571637
50.564306 36.571187
50.567883 36.570569
50.571240 36.569974
50.574739 36.569020
50.578695 36.568390
50.582744 36.567231
50.564328 36.571191
50.596290 36.580050
50.601843 36.580978
50.605148 36.580933
50.613736 36.578510
50.618363 36.577243
50.621426 36.576255
50.625172 36.575214
50.628803 36.574153
50.632604 36.572931
50.638662 36.570810
50.641467 36.569958
50.644725 36.568856
50.652173 36.566336
50.655282 36.565355
50.662212 36.562970
50.673309 36.559255
50.677318 36.557909
50.684824 36.557369
50.688983 36.558134
50.703803 36.555116
50.705449 36.545439
