50.604076 36.579128
50.604096 36.578910
50.603668 36.578825
50.603459 36.580610
50.603416 36.581847
50.602293 36.590430
50.602182 36.590390
50.600550 36.589834
50.598695 36.589209
50.597443 36.588896
50.597250 36.590372
50.596663 36.594585
50.595713 36.601336
50.593002 36.600645
50.592681 36.600532
50.591302 36.601393
50.591128 36.601578
50.587946 36.609856
50.587479 36.611429
50.586895 36.612416
50.585836 36.613513
50.583395 36.616001
50.583408 36.616015
50.582051 36.617025
50.581507 36.617580
50.580498 36.618920
50.578577 36.621900
50.578495 36.621963
50.576666 36.624741
50.576597 36.624922
50.576571 36.624968
50.575483 36.626615
50.575271 36.626908
50.575037 36.627190
50.574167 36.627993
50.565074 36.637024
50.559627 36.642426
50.555702 36.646095
50.555300 36.646468
50.554669 36.646834
50.554519 36.646766
50.554382 36.646862
50.554314 36.647099
50.553992 36.647464
50.552636 36.648244
50.546138 36.652067
50.543355 36.653937
50.542873 36.654373
50.542414 36.654920
50.542330 36.655040
50.542183 36.655169
50.541983 36.655539
50.541241 36.657866
50.541553 36.656422
50.540914 36.660020
50.540783 36.660808
50.540626 36.661694
50.538823 36.669626
50.538695 36.670135
50.538424 36.670891
50.538073 36.671681
50.536790 36.673670
50.536515 36.674168
50.535993 36.675682
50.535686 36.677064
50.535362 36.678958
50.535244 36.679488
50.535110 36.680069
50.534822 36.680931
50.533959 36.682877
50.533842 36.683058
50.533551 36.683311
50.533367 36.683434
50.533268 36.683650
50.533356 36.684075
50.533631 36.684168
50.533875 36.684254
50.534118 36.684437
50.534263 36.684681
50.537247 36.689326
50.537412 36.689714
50.537346 36.689760
50.534345 36.693127
50.532574 36.696172
50.531673 36.697805
50.530127 36.695624
50.528194 36.692858
50.531210 36.687755
50.533173 36.684565
50.533523 36.684236
50.533761 36.684039
50.533837 36.683667
50.533735 36.683432
50.533526 36.683310
50.533128 36.682887
50.532991 36.682600
50.529081 36.675953
50.528424 36.675294
50.527030 36.674185
50.524333 36.671977
50.523976 36.671754
50.520082 36.676872
50.519590 36.677185
