50.604076 36.579128
50.602850 36.586203
50.600550 36.589834
50.597250 36.590372
50.596663 36.594585
50.593002 36.600645
50.585836 36.613513
50.583395 36.616001
50.580498 36.618920
50.576571 36.624968
50.574167 36.627993
50.565074 36.637024
50.559627 36.642426
50.555702 36.646095
50.552636 36.648244
50.546138 36.652067
50.542414 36.654920
50.540783 36.660808
50.538823 36.669626
50.535244 36.679488
50.534263 36.684681
50.534345 36.693127
50.532574 36.696172
50.530127 36.695624
50.531210 36.687755
50.532991 36.682600
50.529081 36.675953
50.527030 36.674185
50.519590 36.677185
